167.214264 90.842560 348.968170 181.343277
348.968170 181.343277 3.285120 218.524261
3.285120 218.524261 275.652924 202.801056
275.652924 202.801056 68.056694 382.336182
68.056694 382.336182 85.347595 486.629089
85.347595 486.629089 365.201752 292.973114
365.201752 292.973114 47.473114 310.043823
47.473114 310.043823 324.843445 320.765167
324.843445 320.765167 107.628227 46.673660
107.628227 46.673660 161.346893 5.310333
161.346893 5.310333 180.835358 289.538635
180.835358 289.538635 395.938324 220.729248
395.938324 220.729248 393.005737 186.771332
393.005737 186.771332 361.353607 322.308380
361.353607 322.308380 283.312622 478.794861
283.312622 478.794861 19.137554 399.630859
19.137554 399.630859 491.324097 460.819611
491.324097 460.819611 68.563232 445.313232
68.563232 445.313232 465.406708 420.887878
465.406708 420.887878 349.677887 462.712067
349.677887 462.712067 50.591698 451.111542
50.591698 451.111542 1.526868 332.368103
1.526868 332.368103 141.256699 57.800171
141.256699 57.800171 488.400208 170.186707
488.400208 170.186707 227.681549 29.545691
227.681549 29.545691 48.762032 250.967834
48.762032 250.967834 142.104858 119.722031
142.104858 119.722031 356.839539 392.469727
356.839539 392.469727 326.793915 231.243454
326.793915 231.243454 418.261444 350.272430
418.261444 350.272430 353.545898 334.363678
353.545898 334.363678 135.362869 430.157684
135.362869 430.157684 443.507904 381.164764
443.507904 381.164764 155.104782 423.694641
155.104782 423.694641 174.408875 275.737946
174.408875 275.737946 385.232452 345.896271
385.232452 345.896271 219.504761 12.998244
219.504761 12.998244 491.614807 309.170044
491.614807 309.170044 348.799347 250.372589
348.799347 250.372589 455.863739 53.165771
455.863739 53.165771 137.962982 272.366791
137.962982 272.366791 328.986450 234.089111
328.986450 234.089111 87.498062 124.226639
87.498062 124.226639 431.411560 110.589195
431.411560 110.589195 453.463013 53.054089
453.463013 53.054089 402.905945 159.171844
402.905945 159.171844 62.789001 203.517624
62.789001 203.517624 230.772476 25.570883
230.772476 25.570883 458.619690 456.380981
458.619690 456.380981 186.359009 162.054108
186.359009 162.054108 67.721382 145.123871
67.721382 145.123871 173.581467 336.371124
173.581467 336.371124 287.634186 218.371216
287.634186 218.371216 287.368652 390.910889
287.368652 390.910889 276.686737 65.269707
276.686737 65.269707 363.639709 265.570068
363.639709 265.570068 221.721527 376.962891
221.721527 376.962891 357.626129 320.572388
357.626129 320.572388 17.015869 81.845192
17.015869 81.845192 232.236694 36.216225
232.236694 36.216225 125.104385 348.803284
125.104385 348.803284 161.451187 93.733742
161.451187 93.733742 9.557482 304.556549
9.557482 304.556549 148.915436 394.998535
148.915436 394.998535 40.541985 223.867950
40.541985 223.867950 313.456848 385.271729
313.456848 385.271729 296.973877 236.998688
296.973877 236.998688 213.656082 38.253525
213.656082 38.253525 27.852081 347.412476
27.852081 347.412476 458.459106 216.350922
458.459106 216.350922 328.469421 419.379608
328.469421 419.379608 407.501709 396.311218
407.501709 396.311218 393.651520 62.111778
393.651520 62.111778 228.052704 128.487701
228.052704 128.487701 314.492249 71.852974
314.492249 71.852974 53.790245 174.227539
53.790245 174.227539 125.534531 306.307129
125.534531 306.307129 216.513321 493.654327
216.513321 493.654327 278.376068 457.304138
278.376068 457.304138 340.279663 479.381653
340.279663 479.381653 425.647888 123.142471
425.647888 123.142471 455.916779 176.452942
455.916779 176.452942 470.196289 120.150658
470.196289 120.150658 491.219452 30.380146
491.219452 30.380146 465.331604 459.130432
465.331604 459.130432 395.742889 312.357330
395.742889 312.357330 391.361877 383.992188
391.361877 383.992188 274.716858 261.903748
274.716858 261.903748 52.242729 6.458105
52.242729 6.458105 188.609207 225.317734
188.609207 225.317734 471.196716 402.568329
471.196716 402.568329 338.549530 240.827194
338.549530 240.827194 130.487152 316.122772
130.487152 316.122772 52.981850 208.566025
52.981850 208.566025 27.687332 255.980850
27.687332 255.980850 43.303272 129.508255
43.303272 129.508255 105.241341 411.755615
105.241341 411.755615 248.061707 257.863800
248.061707 257.863800 459.675537 494.220825
459.675537 494.220825 405.005249 16.544748
405.005249 16.544748 31.754829 58.487297
31.754829 58.487297 270.862915 331.919739
270.862915 331.919739 43.444035 200.384796
43.444035 200.384796 56.377186 471.790985
56.377186 471.790985 57.846169 199.757431
57.846169 199.757431 280.085785 167.203537
280.085785 167.203537 12.640133 31.123852
12.640133 31.123852 1.177094 142.240982
1.177094 142.240982 312.779694 192.830887
312.779694 192.830887 335.492859 158.668762
335.492859 158.668762 346.695099 352.255676
346.695099 352.255676 369.150574 196.776688
369.150574 196.776688 72.006310 80.918488
72.006310 80.918488 410.202209 472.695465
410.202209 472.695465 444.963409 379.943420
444.963409 379.943420 268.374756 22.839182
268.374756 22.839182 499.326782 163.351990
499.326782 163.351990 338.891907 162.919479
338.891907 162.919479 102.908630 202.893112
102.908630 202.893112 188.346878 299.489380
188.346878 299.489380 222.498749 60.978390
222.498749 60.978390 377.418518 467.565430
377.418518 467.565430 411.929718 354.830902
411.929718 354.830902 371.605682 28.311684
371.605682 28.311684 365.595062 146.350067
365.595062 146.350067 336.939514 333.441620
336.939514 333.441620 42.580845 106.605896
42.580845 106.605896 8.332558 93.843964
8.332558 93.843964 290.994507 93.496811
290.994507 93.496811 402.259216 90.176056
402.259216 90.176056 160.929581 295.542175
160.929581 295.542175 271.052887 389.464661
271.052887 389.464661 300.386169 370.134033
300.386169 370.134033 374.760925 291.380005
374.760925 291.380005 455.906891 132.768600
455.906891 132.768600 223.519089 431.821381
223.519089 431.821381 63.324345 125.802948
63.324345 125.802948 272.541656 410.427094
272.541656 410.427094 416.009430 396.850220
416.009430 396.850220 482.581207 479.791016
482.581207 479.791016 497.342010 372.773163
497.342010 372.773163 244.946564 325.196228
244.946564 325.196228 264.467743 443.115997
264.467743 443.115997 236.159760 459.768219
236.159760 459.768219 393.391388 337.635742
393.391388 337.635742 234.994583 422.577881
234.994583 422.577881 243.560516 21.964828
243.560516 21.964828 202.035278 348.450684
202.035278 348.450684 209.673859 486.977936
209.673859 486.977936 419.043884 157.059906
419.043884 157.059906 182.125107 291.567688
182.125107 291.567688 404.121033 248.055344
404.121033 248.055344 296.230286 337.725067
296.230286 337.725067 215.557053 185.507217
215.557053 185.507217 74.440056 293.715027
74.440056 293.715027 227.057419 311.710419
227.057419 311.710419 247.722336 322.838593
247.722336 322.838593 85.753380 264.615265
85.753380 264.615265 364.494873 143.442551
364.494873 143.442551 309.634216 295.166321
309.634216 295.166321 30.278175 56.238338
30.278175 56.238338 272.550110 289.844757
272.550110 289.844757 300.895813 189.047592
300.895813 189.047592 209.673859 486.977936
209.673859 486.977936 126.726830 180.833267
126.726830 180.833267 149.300705 161.351517
149.300705 161.351517 228.116028 387.129059
228.116028 387.129059 100.254227 136.847809
100.254227 136.847809 481.562561 67.570984
481.562561 67.570984 460.677094 366.876160
460.677094 366.876160 439.401215 62.922230
439.401215 62.922230 408.593658 258.402496
408.593658 258.402496 52.741493 164.640045
52.741493 164.640045 270.658905 125.752518
270.658905 125.752518 390.692291 355.211182
390.692291 355.211182 315.346893 340.022003
315.346893 340.022003 26.475899 296.437866
26.475899 296.437866 245.409775 477.636627
245.409775 477.636627 276.133820 200.148209
276.133820 200.148209 117.485046 123.820335
117.485046 123.820335 61.900253 139.795898
61.900253 139.795898 134.444839 232.190964
134.444839 232.190964 405.377747 288.589630
405.377747 288.589630 421.040924 488.786621
421.040924 488.786621 366.222015 282.360016
366.222015 282.360016 43.201599 35.477291
43.201599 35.477291 381.292786 165.940277
381.292786 165.940277 444.438599 91.059387
444.438599 91.059387 348.943176 22.226681
348.943176 22.226681 321.115082 416.409180
321.115082 416.409180 491.996307 481.866516
491.996307 481.866516 137.792145 482.541321
137.792145 482.541321 120.530106 304.455505
120.530106 304.455505 359.940613 118.899117
359.940613 118.899117 278.604034 297.398773
278.604034 297.398773 379.563690 400.479279
379.563690 400.479279 151.321548 497.186310
151.321548 497.186310 272.541656 410.427094
272.541656 410.427094 165.854065 317.054657
165.854065 317.054657 315.538055 60.632832
315.538055 60.632832 373.174652 157.856674
373.174652 157.856674 90.733727 105.228165
90.733727 105.228165 240.462646 401.074402
240.462646 401.074402 45.228382 141.463547
45.228382 141.463547 156.406357 85.016350
156.406357 85.016350 64.946526 371.101440
64.946526 371.101440 429.500214 288.309204
429.500214 288.309204 65.680809 149.545166
65.680809 149.545166 179.385666 38.444084
179.385666 38.444084 174.758591 449.631226
174.758591 449.631226 20.321348 253.941742
20.321348 253.941742 75.855461 111.666916
75.855461 111.666916 417.856812 131.733719
417.856812 131.733719 289.272583 88.849693
289.272583 88.849693 172.912262 99.704414
172.912262 99.704414 389.664642 53.216389
389.664642 53.216389 432.093964 286.365051
432.093964 286.365051 328.883698 145.419861
328.883698 145.419861 36.879780 288.679718
36.879780 288.679718 141.256699 57.800171
141.256699 57.800171 181.613052 179.860504
181.613052 179.860504 380.680481 438.452545
380.680481 438.452545 389.254517 57.167866
389.254517 57.167866 449.732239 299.447327
449.732239 299.447327 159.109955 159.530685
159.109955 159.530685 379.904968 254.106522
379.904968 254.106522 23.544483 443.135742
23.544483 443.135742 52.845249 407.602142
52.845249 407.602142 353.345734 374.458374
353.345734 374.458374 249.786148 439.702087
249.786148 439.702087 495.581268 131.648010
495.581268 131.648010 109.448250 86.422714
109.448250 86.422714 147.489960 457.219940
147.489960 457.219940 138.887665 427.797333
138.887665 427.797333 132.635971 338.367249
132.635971 338.367249 102.908630 202.893112
102.908630 202.893112 51.865498 57.079556
51.865498 57.079556 322.967163 5.746408
322.967163 5.746408 118.405647 80.876297
118.405647 80.876297 174.183273 227.722870
174.183273 227.722870 344.127838 292.514648
344.127838 292.514648 405.214264 214.927216
405.214264 214.927216 48.789181 331.015411
48.789181 331.015411 279.991516 59.031998
279.991516 59.031998 103.956779 337.291229
103.956779 337.291229 175.481247 187.994156
175.481247 187.994156 96.781662 55.703754
96.781662 55.703754 126.946587 3.550715
126.946587 3.550715 114.054733 428.156067
114.054733 428.156067 224.754776 114.962952
224.754776 114.962952 283.741760 215.527802
283.741760 215.527802 291.579468 103.363274
291.579468 103.363274 255.994614 88.144363
255.994614 88.144363 81.178680 75.179283
81.178680 75.179283 120.029831 41.028358
120.029831 41.028358 295.962219 172.578278
295.962219 172.578278 311.511017 472.725464
311.511017 472.725464 248.189392 246.407242
248.189392 246.407242 176.261124 325.704773
176.261124 325.704773 309.362793 244.166687
309.362793 244.166687 195.939423 454.759827
195.939423 454.759827 130.593536 397.283081
130.593536 397.283081 331.945984 216.078064
331.945984 216.078064 192.291824 392.894196
192.291824 392.894196 110.343147 286.109711
110.343147 286.109711 188.684418 359.725983
188.684418 359.725983 62.039028 308.768158
62.039028 308.768158 381.906830 79.718498
381.906830 79.718498 460.476654 129.122955
460.476654 129.122955 123.525833 153.034637
123.525833 153.034637 376.022675 361.677582
376.022675 361.677582 280.293640 106.797134
280.293640 106.797134 94.003014 231.948685
94.003014 231.948685 11.138654 204.125488
11.138654 204.125488 362.105530 227.016724
362.105530 227.016724 206.707047 377.766907
206.707047 377.766907 282.043823 10.157863
282.043823 10.157863 52.185413 69.208672
52.185413 69.208672 122.390129 169.550003
122.390129 169.550003 184.440842 195.679001
184.440842 195.679001 358.986755 312.524353
358.986755 312.524353 213.406097 201.466614
213.406097 201.466614 196.275543 256.184448
196.275543 256.184448 351.915161 248.500076
351.915161 248.500076 330.064514 233.723801
330.064514 233.723801 377.860718 335.726959
377.860718 335.726959 405.333191 491.397675
405.333191 491.397675 338.137878 436.876373
338.137878 436.876373 213.002350 453.560303
213.002350 453.560303 181.133362 207.453674
181.133362 207.453674 411.338531 267.807953
411.338531 267.807953 335.923706 299.142670
335.923706 299.142670 166.477066 52.418816
166.477066 52.418816 412.111633 40.307655
412.111633 40.307655 373.040802 413.459259
373.040802 413.459259 332.078369 110.000351
332.078369 110.000351 197.888763 261.808380
197.888763 261.808380 4.833803 434.468201
4.833803 434.468201 439.585083 118.022812
439.585083 118.022812 58.675159 400.228302
58.675159 400.228302 71.258980 413.838806
71.258980 413.838806 312.614990 64.482300
312.614990 64.482300 53.015633 130.347672
53.015633 130.347672 190.317017 486.824432
190.317017 486.824432 391.268524 125.541229
391.268524 125.541229 216.891495 48.778965
216.891495 48.778965 284.136627 97.868629
284.136627 97.868629 234.994583 422.577881
234.994583 422.577881 118.493889 375.977142
118.493889 375.977142 453.688538 423.360779
453.688538 423.360779 301.896729 112.305405
301.896729 112.305405 191.340195 228.924805
191.340195 228.924805 37.177395 41.653873
37.177395 41.653873 423.099487 399.389954
423.099487 399.389954 417.404327 162.085037
417.404327 162.085037 15.407351 210.917969
15.407351 210.917969 80.340668 182.897491
80.340668 182.897491 86.641380 296.595215
86.641380 296.595215 64.946526 371.101440
64.946526 371.101440 229.665619 371.825775
229.665619 371.825775 257.516479 380.545135
257.516479 380.545135 244.084198 80.530769
244.084198 80.530769 415.271698 110.303192
415.271698 110.303192 7.213899 186.235153
7.213899 186.235153 420.762543 273.943481
420.762543 273.943481 229.243866 160.050751
229.243866 160.050751 388.160767 33.714684
388.160767 33.714684 415.716980 56.166824
415.716980 56.166824 6.110118 251.677078
6.110118 251.677078 209.856995 300.902344
209.856995 300.902344 49.740963 286.862854
49.740963 286.862854 386.071289 448.804443
386.071289 448.804443 322.894257 418.190552
322.894257 418.190552 373.174652 157.856674
373.174652 157.856674 464.261810 392.081482
464.261810 392.081482 377.843842 394.607941
377.843842 394.607941 356.306458 415.197021
356.306458 415.197021 458.999115 316.944733
458.999115 316.944733 174.230942 20.244476
174.230942 20.244476 37.060406 146.439651
37.060406 146.439651 283.811829 439.637970
283.811829 439.637970 314.161774 204.265823
314.161774 204.265823 326.407715 137.791321
326.407715 137.791321 371.610962 325.416443
371.610962 325.416443 296.249023 327.870941
296.249023 327.870941 365.416626 172.747452
365.416626 172.747452 146.039612 476.753479
146.039612 476.753479 440.821777 309.556396
440.821777 309.556396 380.680481 438.452545
380.680481 438.452545 89.070221 416.086823
89.070221 416.086823 88.230370 414.314209
88.230370 414.314209 31.430735 463.993286
31.430735 463.993286 118.995773 393.384521
118.995773 393.384521 316.502319 402.551453
316.502319 402.551453 466.415009 10.363336
466.415009 10.363336 150.545044 361.072144
150.545044 361.072144 210.057999 404.654480
210.057999 404.654480 175.277206 220.941238
175.277206 220.941238 276.100861 69.885628
276.100861 69.885628 258.397339 63.502556
258.397339 63.502556 190.141785 136.388626
190.141785 136.388626 439.886597 52.236568
439.886597 52.236568 408.837860 348.998718
408.837860 348.998718 387.419708 143.579727
387.419708 143.579727 108.548500 413.621429
108.548500 413.621429 170.123886 274.065125
170.123886 274.065125 225.701691 496.424591
225.701691 496.424591 193.393417 369.179871
193.393417 369.179871 53.364979 421.146210
53.364979 421.146210 20.861008 312.885376
20.861008 312.885376 310.586243 177.464478
310.586243 177.464478 188.140671 425.207977
188.140671 425.207977 68.379593 204.299530
68.379593 204.299530 417.454407 457.409637
417.454407 457.409637 317.317719 324.601440
317.317719 324.601440 136.818512 24.030251
136.818512 24.030251 193.884903 395.678467
193.884903 395.678467 317.976501 436.002594
317.976501 436.002594 434.317261 53.100468
434.317261 53.100468 425.647888 123.142471
425.647888 123.142471 175.607697 32.208160
175.607697 32.208160 135.287674 377.320923
135.287674 377.320923 186.510696 244.579941
186.510696 244.579941 320.529846 305.801300
320.529846 305.801300 469.075928 481.290009
469.075928 481.290009 276.686737 65.269707
276.686737 65.269707 119.013832 250.333328
119.013832 250.333328 470.906464 61.111080
470.906464 61.111080 340.279663 479.381653
340.279663 479.381653 299.073853 142.589539
299.073853 142.589539 176.073730 475.270203
176.073730 475.270203 359.777924 412.625610
359.777924 412.625610 249.997620 492.917450
249.997620 492.917450 252.687042 452.436859
252.687042 452.436859 107.974617 167.255142
107.974617 167.255142 342.362366 16.243889
342.362366 16.243889 414.319489 152.484177
414.319489 152.484177 487.327209 0.703278
487.327209 0.703278 400.510834 267.195435
400.510834 267.195435 313.550049 355.185242
313.550049 355.185242 138.929520 78.483505
138.929520 78.483505 51.426350 292.215240
51.426350 292.215240 276.548157 288.790924
276.548157 288.790924 77.284546 149.151993
77.284546 149.151993 131.239685 75.673523
131.239685 75.673523 62.773399 178.010315
62.773399 178.010315 272.438904 177.075989
272.438904 177.075989 406.153107 300.411163
406.153107 300.411163 279.170441 461.908630
279.170441 461.908630 446.891479 390.948364
446.891479 390.948364 30.674767 1.445235
30.674767 1.445235 2.968382 117.506248
2.968382 117.506248 268.483124 71.178406
268.483124 71.178406 250.097382 250.571350
250.097382 250.571350 249.654709 98.654968
249.654709 98.654968 434.241394 29.616610
434.241394 29.616610 201.172836 132.357132
201.172836 132.357132 444.438599 91.059387
444.438599 91.059387 87.334267 46.254791
87.334267 46.254791 367.347504 250.936035
367.347504 250.936035 308.873413 107.064522
308.873413 107.064522 219.656662 108.143768
219.656662 108.143768 376.222626 183.649170
376.222626 183.649170 341.584839 404.466644
341.584839 404.466644 381.407440 281.300720
381.407440 281.300720 206.693726 214.175293
206.693726 214.175293 89.509201 120.717026
89.509201 120.717026 76.348518 145.303314
76.348518 145.303314 33.483189 211.522675
33.483189 211.522675 164.632645 381.500092
164.632645 381.500092 11.183482 434.426544
11.183482 434.426544 244.197021 233.230042
244.197021 233.230042 426.879547 132.374420
426.879547 132.374420 2.648124 172.138474
2.648124 172.138474 242.006241 376.277161
242.006241 376.277161 159.051544 76.484230
159.051544 76.484230 215.329865 318.462891
215.329865 318.462891 142.662033 469.726257
142.662033 469.726257 84.901680 456.286804
84.901680 456.286804 241.775909 407.653046
241.775909 407.653046 120.916267 333.217743
120.916267 333.217743 210.093658 121.234581
210.093658 121.234581 460.355743 138.646393
460.355743 138.646393 174.482727 77.159538
174.482727 77.159538 100.950417 110.057274
100.950417 110.057274 308.091949 184.649261
308.091949 184.649261 454.171051 301.069214
454.171051 301.069214 82.201584 287.586639
82.201584 287.586639 458.999115 316.944733
458.999115 316.944733 104.742645 395.048248
104.742645 395.048248 191.249161 448.998840
191.249161 448.998840 272.694794 14.044007
272.694794 14.044007 15.712733 258.375488
15.712733 258.375488 224.821930 212.861313
224.821930 212.861313 270.074768 83.156189
270.074768 83.156189 164.966660 198.580368
164.966660 198.580368 235.918610 443.116455
235.918610 443.116455 136.577713 61.746178
136.577713 61.746178 384.825836 321.750275
384.825836 321.750275 95.842812 406.381012
95.842812 406.381012 142.877548 440.453400
142.877548 440.453400 211.625885 289.437408
211.625885 289.437408 144.414062 399.654266
144.414062 399.654266 446.920776 139.500458
446.920776 139.500458 113.364441 128.512589
113.364441 128.512589 367.312927 496.396362
367.312927 496.396362 431.258392 429.103210
431.258392 429.103210 218.576691 265.287323
218.576691 265.287323 215.111588 223.758377
215.111588 223.758377 402.259216 90.176056
402.259216 90.176056 50.630009 187.017059
50.630009 187.017059 474.185608 365.126099
474.185608 365.126099 453.688538 423.360779
453.688538 423.360779 480.672699 261.991058
480.672699 261.991058 106.822227 417.498047
106.822227 417.498047 59.036850 342.112732
59.036850 342.112732 192.311447 432.557556
192.311447 432.557556 288.014038 479.575409
288.014038 479.575409 98.530365 346.814026
98.530365 346.814026 47.336998 440.558563
47.336998 440.558563 382.745483 428.786530
382.745483 428.786530 269.651825 455.724670
269.651825 455.724670 146.761917 415.648926
146.761917 415.648926 198.739258 19.881851
198.739258 19.881851 292.126221 385.922241
292.126221 385.922241 333.229187 390.792938
333.229187 390.792938 324.093353 157.261230
324.093353 157.261230 251.493835 144.041809
251.493835 144.041809 429.976746 168.978821
429.976746 168.978821 284.521423 38.677086
284.521423 38.677086 305.439148 110.257835
305.439148 110.257835 112.297478 174.177429
112.297478 174.177429 294.504486 69.878189
294.504486 69.878189 277.035706 445.440155
277.035706 445.440155 69.179237 356.544373
69.179237 356.544373 329.531342 23.334560
329.531342 23.334560 225.382858 235.507080
225.382858 235.507080 491.745544 253.451111
491.745544 253.451111 431.713501 364.942169
431.713501 364.942169 288.014038 479.575409
288.014038 479.575409 376.666077 296.507507
376.666077 296.507507 213.002350 453.560303
213.002350 453.560303 413.299438 363.450378
413.299438 363.450378 152.810226 255.912827
152.810226 255.912827 153.719299 248.582214
153.719299 248.582214 386.464050 142.676605
386.464050 142.676605 495.946472 204.466476
495.946472 204.466476 108.548500 413.621429
108.548500 413.621429 35.039982 76.906403
35.039982 76.906403 428.939697 296.811707
428.939697 296.811707 447.357117 54.074158
447.357117 54.074158 391.552429 265.712524
391.552429 265.712524 409.335785 335.301331
409.335785 335.301331 38.483486 415.128021
38.483486 415.128021 354.700775 435.414520
354.700775 435.414520 480.166077 260.357910
480.166077 260.357910 128.956314 386.037292
128.956314 386.037292 138.165665 368.863831
138.165665 368.863831 209.076904 338.872070
209.076904 338.872070 164.982239 190.301788
164.982239 190.301788 175.202515 26.022648
175.202515 26.022648 364.583313 153.267746
364.583313 153.267746 200.422501 430.405548
200.422501 430.405548 182.771744 361.816345
182.771744 361.816345 329.501068 326.723907
329.501068 326.723907 377.497986 245.759796
377.497986 245.759796 232.905594 307.707428
232.905594 307.707428 37.840832 320.105591
37.840832 320.105591 377.843842 394.607941
377.843842 394.607941 462.763763 202.217163
462.763763 202.217163 498.937683 156.467865
498.937683 156.467865 33.826958 306.172150
33.826958 306.172150 97.322830 311.303162
97.322830 311.303162 293.327332 232.970093
293.327332 232.970093 205.661728 45.833641
205.661728 45.833641 267.118744 14.102423
267.118744 14.102423 240.523102 78.977791
240.523102 78.977791 204.364334 130.862900
204.364334 130.862900 47.307701 212.746658
47.307701 212.746658 173.238190 214.692444
173.238190 214.692444 271.868469 99.372627
271.868469 99.372627 377.598358 132.919312
377.598358 132.919312 53.442181 21.523867
53.442181 21.523867 90.983467 424.487518
90.983467 424.487518 193.365082 227.370941
193.365082 227.370941 275.468536 180.431747
275.468536 180.431747 178.277374 364.027679
178.277374 364.027679 49.942741 127.253250
49.942741 127.253250 407.558777 119.782707
407.558777 119.782707 300.589294 44.660305
300.589294 44.660305 160.940247 395.250610
160.940247 395.250610 479.705048 385.942139
479.705048 385.942139 473.769867 117.140938
473.769867 117.140938 456.523193 312.532623
456.523193 312.532623 71.985458 55.544960
71.985458 55.544960 27.258661 350.637848
27.258661 350.637848 72.046402 382.749390
72.046402 382.749390 488.403381 133.705444
488.403381 133.705444 39.537304 21.573896
39.537304 21.573896 263.229828 287.404968
263.229828 287.404968 306.306030 281.606995
306.306030 281.606995 462.164642 360.735535
462.164642 360.735535 364.420258 113.293800
364.420258 113.293800 492.375610 28.420750
492.375610 28.420750 276.975433 115.864136
276.975433 115.864136 27.401228 200.848022
27.401228 200.848022 129.625549 86.563377
129.625549 86.563377 283.557709 228.420532
283.557709 228.420532 141.560150 133.120865
141.560150 133.120865 123.451019 148.098358
123.451019 148.098358 107.974617 167.255142
107.974617 167.255142 364.463654 423.084412
364.463654 423.084412 103.991829 152.804962
103.991829 152.804962 369.150574 196.776688
369.150574 196.776688 416.009430 396.850220
416.009430 396.850220 220.330185 226.146332
220.330185 226.146332 150.061829 187.639297
150.061829 187.639297 360.664520 49.672523
360.664520 49.672523 176.915115 89.375595
176.915115 89.375595 312.614990 64.482300
312.614990 64.482300 241.124191 158.799286
241.124191 158.799286 450.049744 51.963211
450.049744 51.963211 415.935669 164.721649
415.935669 164.721649 103.081566 445.395782
103.081566 445.395782 191.618103 201.470306
191.618103 201.470306 336.899353 413.257416
336.899353 413.257416 364.301941 401.455139
364.301941 401.455139 10.980668 248.121109
10.980668 248.121109 433.648407 409.857727
433.648407 409.857727 159.858078 192.962830
159.858078 192.962830 235.416794 373.346710
235.416794 373.346710 304.930389 342.631714
304.930389 342.631714 265.094330 115.235611
265.094330 115.235611 85.085411 282.830170
85.085411 282.830170 193.204819 420.791504
193.204819 420.791504 18.342920 468.844910
18.342920 468.844910 2.837957 447.217072
2.837957 447.217072 97.360870 264.689697
97.360870 264.689697 311.704651 299.337494
311.704651 299.337494 460.574646 440.390808
460.574646 440.390808 399.523743 439.431244
399.523743 439.431244 441.287598 449.454681
441.287598 449.454681 462.893738 262.152985
462.893738 262.152985 65.467735 141.754807
65.467735 141.754807 101.382393 388.123596
101.382393 388.123596 52.261898 247.885422
52.261898 247.885422 293.528717 246.902008
293.528717 246.902008 204.036880 215.377731
204.036880 215.377731 25.509041 144.395981
25.509041 144.395981 270.968506 402.030731
270.968506 402.030731 62.789001 203.517624
62.789001 203.517624 53.330269 312.361725
53.330269 312.361725 318.770660 481.374054
318.770660 481.374054 118.733315 437.302307
118.733315 437.302307 271.892822 330.839172
271.892822 330.839172 184.102081 387.371002
184.102081 387.371002 251.315216 392.441162
251.315216 392.441162 52.774784 338.366455
52.774784 338.366455 455.997894 223.238785
455.997894 223.238785 371.358246 299.496033
371.358246 299.496033 20.551537 73.789146
20.551537 73.789146 304.730469 378.935608
304.730469 378.935608 140.444366 356.839569
140.444366 356.839569 484.286926 236.191437
484.286926 236.191437 95.941139 111.699646
95.941139 111.699646 55.525570 242.927948
55.525570 242.927948 159.890823 362.473083
159.890823 362.473083 79.272141 321.169922
79.272141 321.169922 377.675018 25.268614
377.675018 25.268614 64.436600 438.095673
64.436600 438.095673 285.903381 173.297165
285.903381 173.297165 479.286285 28.653048
479.286285 28.653048 189.978546 162.439758
189.978546 162.439758 218.442902 42.452087
218.442902 42.452087 373.722992 65.384628
373.722992 65.384628 424.976074 430.876190
424.976074 430.876190 450.058777 244.434525
450.058777 244.434525 450.060577 381.036987
450.060577 381.036987 107.301544 205.066330
107.301544 205.066330 301.410461 445.520264
301.410461 445.520264 128.480469 273.579529
128.480469 273.579529 262.450073 483.638153
262.450073 483.638153 159.786240 408.018524
159.786240 408.018524 362.809296 215.394882
362.809296 215.394882 435.598572 466.498413
435.598572 466.498413 394.639832 351.779266
394.639832 351.779266 202.917496 483.283203
202.917496 483.283203 324.776917 252.762985
324.776917 252.762985 321.313141 41.065735
321.313141 41.065735 279.561707 140.254745
279.561707 140.254745 168.974045 187.850388
168.974045 187.850388 25.803740 96.943413
25.803740 96.943413 324.362061 73.182442
324.362061 73.182442 299.004944 124.596939
299.004944 124.596939 401.976929 465.383545
401.976929 465.383545 426.939789 171.799942
426.939789 171.799942 236.872467 247.799179
236.872467 247.799179 246.701263 444.783386
246.701263 444.783386 197.735657 101.882988
197.735657 101.882988 351.937714 311.095276
351.937714 311.095276 411.287384 79.111275
411.287384 79.111275 117.945671 166.741257
117.945671 166.741257 77.244301 172.906830
77.244301 172.906830 413.615234 28.337297
413.615234 28.337297 348.107239 187.304276
348.107239 187.304276 279.132263 172.018494
279.132263 172.018494 187.218567 37.892025
187.218567 37.892025 237.115433 113.392555
237.115433 113.392555 206.546539 271.566376
206.546539 271.566376 483.056580 145.356232
483.056580 145.356232 487.240662 301.133972
487.240662 301.133972 246.747955 179.640366
246.747955 179.640366 17.961123 407.361938
17.961123 407.361938 64.285248 433.378662
64.285248 433.378662 365.158325 290.319031
365.158325 290.319031 426.317535 320.999451
426.317535 320.999451 205.959885 74.404999
205.959885 74.404999 288.792969 216.144745
288.792969 216.144745 126.281967 154.440536
126.281967 154.440536 267.739197 205.109604
267.739197 205.109604 387.646759 111.780014
387.646759 111.780014 46.801220 39.938911
46.801220 39.938911 462.792236 151.069214
462.792236 151.069214 355.087708 201.607758
355.087708 201.607758 100.475159 420.890564
100.475159 420.890564 395.798004 400.520447
395.798004 400.520447 268.775726 471.943115
268.775726 471.943115 484.839294 471.129974
484.839294 471.129974 179.030136 480.305359
179.030136 480.305359 211.909317 369.487152
211.909317 369.487152 129.611710 343.583160
129.611710 343.583160 224.478622 354.529572
224.478622 354.529572 261.875244 471.604736
261.875244 471.604736 263.040894 18.944475
263.040894 18.944475 365.420746 229.569138
365.420746 229.569138 418.489716 268.221313
418.489716 268.221313 41.143894 59.205338
41.143894 59.205338 365.053162 245.805527
365.053162 245.805527 199.722961 170.746704
199.722961 170.746704 41.277142 14.596114
41.277142 14.596114 280.392853 101.225647
280.392853 101.225647 233.285858 114.363258
233.285858 114.363258 449.376343 333.641357
449.376343 333.641357 484.273895 102.656456
484.273895 102.656456 106.277222 4.897292
106.277222 4.897292 136.741013 107.894348
136.741013 107.894348 130.916031 91.661163
130.916031 91.661163 268.900604 413.293243
268.900604 413.293243 436.450592 263.683838
436.450592 263.683838 358.735626 367.385071
358.735626 367.385071 488.400208 170.186707
488.400208 170.186707 203.603149 64.989243
203.603149 64.989243 71.088402 119.127449
71.088402 119.127449 350.603027 220.201187
350.603027 220.201187 194.754166 59.946152
194.754166 59.946152 264.052887 12.868927
264.052887 12.868927 221.485611 131.290421
221.485611 131.290421 221.825394 90.542915
221.825394 90.542915 129.407532 102.788467
129.407532 102.788467 310.107330 196.237488
310.107330 196.237488 400.510834 267.195435
400.510834 267.195435 247.709076 458.053284
247.709076 458.053284 282.936493 7.411551
282.936493 7.411551 435.199860 256.046936
435.199860 256.046936 218.576691 265.287323
218.576691 265.287323 311.713287 113.401428
311.713287 113.401428 401.940277 128.060577
401.940277 128.060577 276.975433 115.864136
276.975433 115.864136 245.511429 439.105103
245.511429 439.105103 32.883427 405.743896
32.883427 405.743896 199.701675 281.243896
199.701675 281.243896 177.246887 477.952301
177.246887 477.952301 347.120087 161.437805
347.120087 161.437805 271.643799 175.352203
271.643799 175.352203 226.565704 314.263794
226.565704 314.263794 7.184576 468.467987
7.184576 468.467987 394.709778 1.442601
394.709778 1.442601 90.322189 392.742249
90.322189 392.742249 158.437241 316.531738
158.437241 316.531738 432.803131 156.150681
432.803131 156.150681 492.710144 455.285828
492.710144 455.285828 249.786148 439.702087
249.786148 439.702087 166.930054 322.053833
166.930054 322.053833 78.425690 497.585907
78.425690 497.585907 426.102325 127.730469
426.102325 127.730469 347.489990 269.349762
347.489990 269.349762 445.431396 313.137329
445.431396 313.137329 204.742401 138.652542
204.742401 138.652542 87.126015 220.706818
87.126015 220.706818 332.073303 233.604721
332.073303 233.604721 410.394562 151.116867
410.394562 151.116867 174.482727 77.159538
174.482727 77.159538 138.455978 269.611572
138.455978 269.611572 364.762390 397.397339
364.762390 397.397339 95.473633 485.330475
95.473633 485.330475 122.301140 66.570480
122.301140 66.570480 8.444956 421.853027
8.444956 421.853027 188.338120 287.672180
188.338120 287.672180 175.027084 269.800140
175.027084 269.800140 94.147690 159.483368
94.147690 159.483368 41.015877 214.144882
41.015877 214.144882 370.515381 255.705460
370.515381 255.705460 253.338943 478.929016
253.338943 478.929016 400.211914 382.376862
400.211914 382.376862 122.572693 312.415375
122.572693 312.415375 331.139771 457.530579
331.139771 457.530579 481.254364 307.605072
481.254364 307.605072 302.712433 436.306488
302.712433 436.306488 25.150084 221.320145
25.150084 221.320145 268.834381 211.459351
268.834381 211.459351 438.522827 334.930542
438.522827 334.930542 155.104782 423.694641
155.104782 423.694641 137.764374 190.702209
137.764374 190.702209 366.647491 137.131470
366.647491 137.131470 313.108643 152.889053
313.108643 152.889053 85.611717 322.482208
85.611717 322.482208 435.562378 381.751526
435.562378 381.751526 85.183365 428.543671
85.183365 428.543671 402.933899 199.648819
402.933899 199.648819 95.562775 198.413376
95.562775 198.413376 317.998383 86.139320
317.998383 86.139320 103.177948 252.303284
103.177948 252.303284 163.311417 21.432188
163.311417 21.432188 65.896332 260.213531
65.896332 260.213531 108.028343 223.133926
108.028343 223.133926 385.798462 122.865540
385.798462 122.865540 444.040649 30.763811
444.040649 30.763811 267.740204 155.600296
267.740204 155.600296 404.960724 489.001892
404.960724 489.001892 306.428009 278.709412
306.428009 278.709412 337.715607 401.315552
337.715607 401.315552 351.086426 372.240234
351.086426 372.240234 124.197533 206.327560
124.197533 206.327560 414.357422 356.235199
414.357422 356.235199 148.915436 394.998535
148.915436 394.998535 146.761917 415.648926
146.761917 415.648926 367.391998 384.260010
367.391998 384.260010 187.340073 430.024902
187.340073 430.024902 87.276398 254.679459
87.276398 254.679459 286.034973 414.148376
286.034973 414.148376 127.090050 51.520992
127.090050 51.520992 225.053207 316.352600
225.053207 316.352600 160.227814 386.438141
160.227814 386.438141 66.984825 236.960693
66.984825 236.960693 171.348373 123.887779
171.348373 123.887779 292.126221 385.922241
292.126221 385.922241 324.420502 183.467316
324.420502 183.467316 442.570282 227.949326
442.570282 227.949326 311.147186 237.247375
311.147186 237.247375 167.687866 291.498383
167.687866 291.498383 33.022003 180.193680
33.022003 180.193680 373.204224 78.894951
373.204224 78.894951 473.330353 82.633728
473.330353 82.633728 408.837860 348.998718
408.837860 348.998718 461.285217 170.993683
461.285217 170.993683 343.583588 135.933411
343.583588 135.933411 234.194702 255.282867
234.194702 255.282867 284.867767 274.808044
284.867767 274.808044 178.545761 434.465668
178.545761 434.465668 150.126892 279.983917
150.126892 279.983917 273.203400 206.082825
273.203400 206.082825 318.516663 131.834900
318.516663 131.834900 420.176758 66.754257
420.176758 66.754257 97.452599 40.087761
97.452599 40.087761 43.814667 32.173691
43.814667 32.173691 307.597443 393.378601
307.597443 393.378601 127.090050 51.520992
127.090050 51.520992 382.234711 375.212036
382.234711 375.212036 23.613747 201.786850
23.613747 201.786850 393.196167 155.448303
393.196167 155.448303 139.218109 426.062836
139.218109 426.062836 367.706085 149.694458
367.706085 149.694458 39.243580 165.202576
39.243580 165.202576 280.827515 24.858200
280.827515 24.858200 183.605026 134.960587
183.605026 134.960587 486.845032 164.943069
486.845032 164.943069 365.201752 292.973114
365.201752 292.973114 440.932098 239.231384
440.932098 239.231384 489.733185 203.665054
489.733185 203.665054 184.729507 204.665222
184.729507 204.665222 88.221611 141.094284
88.221611 141.094284 454.171051 301.069214
454.171051 301.069214 441.224396 148.974564
441.224396 148.974564 309.634216 295.166321
309.634216 295.166321 369.634155 132.372757
369.634155 132.372757 33.313145 333.013947
33.313145 333.013947 145.923248 293.246429
145.923248 293.246429 311.147186 237.247375
311.147186 237.247375 436.740601 132.116638
436.740601 132.116638 144.430466 325.429230
144.430466 325.429230 209.734238 349.076080
209.734238 349.076080 143.587708 335.269836
143.587708 335.269836 394.206543 321.111420
394.206543 321.111420 358.015442 138.667633
358.015442 138.667633 308.980896 100.295860
308.980896 100.295860 138.315704 319.137238
138.315704 319.137238 317.976501 436.002594
317.976501 436.002594 80.624680 410.831024
80.624680 410.831024 397.089935 439.231323
397.089935 439.231323 407.669861 426.890472
407.669861 426.890472 328.521332 16.556980
328.521332 16.556980 311.394440 369.722046
311.394440 369.722046 300.830994 350.725281
300.830994 350.725281 146.728775 292.494690
146.728775 292.494690 196.207718 14.600929
196.207718 14.600929 141.158997 111.895226
141.158997 111.895226 256.061340 423.770233
256.061340 423.770233 251.647415 318.219696
251.647415 318.219696 311.808624 125.186035
311.808624 125.186035 360.984070 408.860901
360.984070 408.860901 222.098358 66.562080
222.098358 66.562080 400.667450 456.551788
400.667450 456.551788 486.961273 67.380722
486.961273 67.380722 340.535828 109.837029
340.535828 109.837029 337.849670 453.203583
337.849670 453.203583 465.331604 459.130432
465.331604 459.130432 273.666718 159.415344
273.666718 159.415344 248.375351 387.803406
248.375351 387.803406 314.637604 422.240662
314.637604 422.240662 71.720596 18.567114
71.720596 18.567114 73.649445 326.437836
73.649445 326.437836 128.956314 386.037292
128.956314 386.037292 460.514038 474.826080
460.514038 474.826080 345.003784 341.535278
345.003784 341.535278 2.988483 486.144012
2.988483 486.144012 267.739197 205.109604
267.739197 205.109604 294.769257 320.479187
294.769257 320.479187 81.849869 61.709087
81.849869 61.709087 78.401711 209.036606
78.401711 209.036606 225.004669 109.439835
225.004669 109.439835 148.083160 103.475624
148.083160 103.475624 318.840546 380.925476
318.840546 380.925476 464.886292 414.042664
464.886292 414.042664 477.510376 473.414337
477.510376 473.414337 464.049500 343.023193
464.049500 343.023193 381.579407 473.058380
381.579407 473.058380 326.595306 143.391907
326.595306 143.391907 84.188896 305.224609
84.188896 305.224609 403.673126 206.410828
403.673126 206.410828 478.615356 459.759918
478.615356 459.759918 247.808136 10.053534
247.808136 10.053534 101.443489 293.546753
101.443489 293.546753 254.707138 490.844910
254.707138 490.844910 177.491745 275.127808
177.491745 275.127808 245.952728 384.839020
245.952728 384.839020 293.804413 250.384216
293.804413 250.384216 443.371918 218.382858
443.371918 218.382858 429.650757 29.537554
429.650757 29.537554 387.543976 100.098450
387.543976 100.098450 279.227905 77.436409
279.227905 77.436409 325.220886 174.472656
325.220886 174.472656 162.809586 382.403870
162.809586 382.403870 204.629669 346.040894
204.629669 346.040894 100.614258 205.907196
100.614258 205.907196 337.768829 328.669312
337.768829 328.669312 293.614594 319.039276
293.614594 319.039276 135.362869 430.157684
135.362869 430.157684 0.605385 435.509979
0.605385 435.509979 289.938690 425.979675
289.938690 425.979675 162.752914 227.346573
162.752914 227.346573 428.188751 292.116425
428.188751 292.116425 262.592255 288.921173
262.592255 288.921173 17.120186 206.415558
17.120186 206.415558 230.477829 89.792259
230.477829 89.792259 107.376213 244.600235
107.376213 244.600235 176.358109 119.169823
176.358109 119.169823 421.979492 307.852570
421.979492 307.852570 492.120422 232.329407
492.120422 232.329407 404.300934 130.930695
404.300934 130.930695 464.460510 248.970306
464.460510 248.970306 418.105621 103.853424
418.105621 103.853424 314.554901 419.743591
314.554901 419.743591 383.796600 311.485016
383.796600 311.485016 385.232452 345.896271
385.232452 345.896271 131.870148 359.255554
131.870148 359.255554 448.090881 206.277527
448.090881 206.277527 184.435638 389.419891
184.435638 389.419891 95.844444 495.605682
95.844444 495.605682 295.459808 254.714066
295.459808 254.714066 96.885956 196.968277
96.885956 196.968277 369.631439 186.242447
369.631439 186.242447 124.236580 238.346542
124.236580 238.346542 206.792526 371.078400
206.792526 371.078400 10.752014 33.113777
10.752014 33.113777 322.967163 5.746408
322.967163 5.746408 483.376465 178.703613
483.376465 178.703613 68.800797 115.964401
68.800797 115.964401 132.808060 79.859726
132.808060 79.859726 429.447327 195.444031
429.447327 195.444031 240.276672 327.025635
240.276672 327.025635 263.994537 414.235779
263.994537 414.235779 159.501068 470.394318
159.501068 470.394318 489.791534 218.056610
489.791534 218.056610 462.217102 427.096710
462.217102 427.096710 472.755554 483.473419
472.755554 483.473419 259.270386 103.082672
259.270386 103.082672 55.272289 27.603777
55.272289 27.603777 81.141472 246.981628
81.141472 246.981628 148.024994 312.652252
148.024994 312.652252 457.369934 34.269783
457.369934 34.269783 474.864471 347.821136
474.864471 347.821136 467.321686 362.476196
467.321686 362.476196 279.170441 461.908630
279.170441 461.908630 370.697723 97.364288
370.697723 97.364288 103.840958 135.102509
103.840958 135.102509 93.160042 104.664055
93.160042 104.664055 411.125336 290.300446
411.125336 290.300446 414.978699 352.615875
414.978699 352.615875 441.224396 148.974564
441.224396 148.974564 318.123291 81.329468
318.123291 81.329468 363.496521 197.340302
363.496521 197.340302 8.204708 148.700272
8.204708 148.700272 71.113464 178.899384
71.113464 178.899384 158.022308 417.978424
158.022308 417.978424 358.401520 135.810547
358.401520 135.810547 30.055437 333.758331
30.055437 333.758331 35.497368 190.957764
35.497368 190.957764 167.367401 391.444061
167.367401 391.444061 288.658295 214.352859
288.658295 214.352859 424.976074 430.876190
424.976074 430.876190 137.491760 386.012573
137.491760 386.012573 183.485794 22.820127
183.485794 22.820127 376.534821 111.697746
376.534821 111.697746 26.392097 35.008598
26.392097 35.008598 122.443420 165.231476
122.443420 165.231476 481.806885 201.613785
481.806885 201.613785 36.085472 401.591034
36.085472 401.591034 487.384583 329.987518
487.384583 329.987518 386.786896 200.030792
386.786896 200.030792 370.735992 79.186913
370.735992 79.186913 425.537689 18.047720
425.537689 18.047720 266.881592 107.049316
266.881592 107.049316 428.344543 418.192444
428.344543 418.192444 98.192741 15.079033
98.192741 15.079033 251.192444 169.482269
251.192444 169.482269 116.658981 158.089905
116.658981 158.089905 97.656784 301.324524
97.656784 301.324524 28.710632 274.267914
28.710632 274.267914 433.004517 300.068085
433.004517 300.068085 156.841141 329.054871
