76.199020 35.304943 0.500000
39.157963 86.910568 0.500000
80.271698 23.646521 0.500000
80.571655 86.339439 0.500000
90.123711 24.598375 0.500000
37.439983 41.362076 0.500000
99.013313 44.306335 0.500000
58.253780 3.139484 0.500000
71.209808 6.912127 0.500000
47.329346 20.394550 0.500000
50.353012 19.820541 0.500000
54.268040 66.185440 0.500000
42.740788 47.879944 0.500000
71.728645 79.902061 0.500000
57.231297 11.375993 0.500000
8.321056 33.930321 0.500000
46.180935 46.979019 0.500000
21.340889 26.952635 0.500000
70.125542 2.412544 0.500000
13.792071 60.749249 0.500000
26.510920 50.732056 0.500000
2.611327 26.024235 0.500000
94.538383 60.365108 0.500000
28.663719 66.248192 0.500000
66.777237 75.493065 0.500000
86.142746 17.630251 0.500000
94.813606 40.910782 0.500000
83.315689 38.054398 0.500000
88.290726 55.544331 0.500000
18.456459 46.022022 0.500000
66.420326 26.277514 0.500000
79.452347 13.101255 0.500000
72.756538 1.293235 0.500000
39.553886 43.382072 0.500000
3.205779 52.845963 0.500000
4.631325 29.216700 0.500000
4.078013 6.742652 0.500000
54.740932 98.116402 0.500000
66.607765 82.904655 0.500000
64.864594 33.884998 0.500000
58.897717 51.507339 0.500000
51.015247 54.211327 0.500000
91.918121 34.830936 0.500000
91.765717 80.708847 0.500000
89.875267 10.722179 0.500000
27.230871 56.795582 0.500000
36.499695 7.183218 0.500000
69.396843 9.756228 0.500000
7.976454 9.450726 0.500000
52.638306 10.682232 0.500000
61.796688 56.769627 0.500000
39.398930 65.374695 0.500000
63.012280 93.639862 0.500000
63.991096 30.120041 0.500000
77.044518 29.355692 0.500000
63.505039 36.442230 0.500000
80.363037 15.020288 0.500000
90.153557 72.781151 0.500000
49.351223 82.419273 0.500000
53.990002 39.726486 0.500000
96.022072 29.641148 0.500000
87.404091 65.918907 0.500000
38.897377 94.880547 0.500000
74.869637 91.035675 0.500000
6.062779 37.166321 0.500000
48.305309 44.961712 0.500000
3.041019 11.817587 0.500000
39.101574 66.532112 0.500000
41.437630 16.646091 0.500000
95.387810 5.442668 0.500000
52.588326 76.250839 0.500000
19.962955 43.241879 0.500000
49.532001 68.814178 0.500000
26.161154 4.022002 0.500000
9.040664 19.302607 0.500000
84.242882 5.562736 0.500000
48.443756 72.146973 0.500000
70.981644 86.841133 0.500000
67.527519 46.351280 0.500000
78.376808 73.090302 0.500000
83.017601 27.182119 0.500000
18.552011 85.558624 0.500000
38.499706 57.153584 0.500000
52.590736 79.437340 0.500000
73.299675 48.478550 0.500000
84.380005 26.387999 0.500000
25.229391 4.842958 0.500000
69.129875 74.261391 0.500000
73.157135 94.791031 0.500000
77.783394 81.697800 0.500000
14.593638 62.526268 0.500000
86.760536 62.537392 0.500000
35.173244 58.242180 0.500000
49.878529 3.200762 0.500000
75.791061 87.611069 0.500000
55.437458 93.843071 0.500000
73.669685 93.437164 0.500000
51.496658 26.760426 0.500000
73.374496 25.296333 0.500000
74.738976 58.254505 0.500000
51.184334 99.468369 0.500000
62.597462 20.814207 0.500000
74.229759 36.254601 0.500000
16.105236 52.513145 0.500000
18.452400 30.198874 0.500000
15.539420 5.712935 0.500000
92.236275 50.212662 0.500000
63.455116 42.614796 0.500000
52.913425 68.048584 0.500000
70.870140 29.204485 0.500000
56.159641 26.807594 0.500000
23.547556 30.329330 0.500000
20.744759 74.544212 0.500000
56.589756 93.619263 0.500000
99.340546 31.828730 0.500000
52.373764 51.024872 0.500000
31.797098 15.471228 0.500000
51.225826 86.944321 0.500000
58.540001 69.178223 0.500000
17.643196 73.579422 0.500000
74.391159 10.379465 0.500000
24.292088 38.346275 0.500000
6.894858 23.864399 0.500000
6.409996 62.554504 0.500000
50.171993 29.457552 0.500000
92.383835 70.416748 0.500000
4.501765 49.473591 0.500000
64.536011 4.342310 0.500000
80.802322 17.409775 0.500000
54.867188 13.099420 0.500000
32.381004 26.706270 0.500000
19.126274 83.106827 0.500000
14.150589 77.166275 0.500000
52.785053 31.293785 0.500000
41.173248 75.037788 0.500000
65.522491 93.167511 0.500000
52.243301 71.917351 0.500000
17.531910 58.153294 0.500000
34.971855 67.203903 0.500000
87.110847 27.855690 0.500000
38.120655 91.112610 0.500000
76.829277 3.156664 0.500000
94.954926 58.131603 0.500000
20.066439 50.322109 0.500000
70.731026 51.947445 0.500000
76.528381 89.357292 0.500000
35.554272 90.178963 0.500000
67.023582 87.839325 0.500000
21.972752 18.769279 0.500000
16.015537 62.646004 0.500000
93.307068 81.038033 0.500000
56.313515 46.050373 0.500000
53.455383 73.345421 0.500000
4.703667 87.927238 0.500000
41.049324 91.314514 0.500000
16.282925 78.669975 0.500000
82.927132 92.612206 0.500000
81.326645 78.382050 0.500000
51.243805 1.893080 0.500000
29.204161 22.474831 0.500000
53.340519 6.232539 0.500000
12.332129 88.394791 0.500000
95.911507 78.855705 0.500000
76.734108 18.384260 0.500000
97.124985 92.249649 0.500000
80.530258 90.932060 0.500000
73.787682 37.343773 0.500000
37.482430 27.743067 0.500000
11.189196 41.686096 0.500000
33.500610 31.953230 0.500000
30.908497 16.927738 0.500000
25.065434 12.735139 0.500000
94.809792 75.809242 0.500000
14.128219 24.513950 0.500000
97.784073 66.968735 0.500000
30.246490 10.616201 0.500000
88.971909 33.097641 0.500000
44.542255 86.596893 0.500000
25.847294 25.572517 0.500000
78.028954 99.134979 0.500000
62.416286 16.011383 0.500000
27.378044 73.105492 0.500000
57.197479 43.048347 0.500000
25.344007 90.198090 0.500000
74.501572 55.752506 0.500000
7.625828 99.067009 0.500000
67.987640 2.935618 0.500000
75.376251 81.615860 0.500000
49.084602 56.696060 0.500000
82.854057 73.248428 0.500000
60.345329 63.393070 0.500000
52.968830 38.874283 0.500000
54.385666 89.906090 0.500000
88.490608 12.083147 0.500000
33.454433 14.334615 0.500000
2.781237 8.456011 0.500000
8.023020 38.074760 0.500000
12.342684 82.899269 0.500000
20.190624 38.792252 0.500000
57.059593 68.775223 0.500000
73.723358 78.342369 0.500000
15.084549 12.269130 0.500000
6.738678 74.929878 0.500000
75.162201 59.207508 0.500000
14.304162 38.690243 0.500000
74.592621 68.189835 0.500000
29.096334 63.583237 0.500000
79.772980 62.050770 0.500000
70.006775 47.504967 0.500000
91.461281 77.529800 0.500000
85.079727 4.303964 0.500000
60.929070 5.770352 0.500000
42.596214 18.488661 0.500000
59.324776 48.268936 0.500000
60.038063 23.165569 0.500000
49.339203 35.700264 0.500000
81.873077 63.143368 0.500000
73.890503 56.965698 0.500000
31.833197 3.486839 0.500000
21.048937 12.106173 0.500000
65.037613 97.966789 0.500000
93.660385 35.544388 0.500000
45.971752 85.621666 0.500000
13.574185 31.551481 0.500000
89.425629 74.003250 0.500000
36.821835 32.521847 0.500000
91.991920 11.367411 0.500000
59.136341 86.533264 0.500000
26.226017 19.674410 0.500000
10.198831 75.065224 0.500000
54.874672 91.571907 0.500000
38.708588 29.265179 0.500000
49.037609 70.041786 0.500000
32.252014 69.586540 0.500000
81.647957 96.789619 0.500000
68.053329 75.808342 0.500000
61.930012 45.908195 0.500000
45.576561 51.855637 0.500000
20.411453 81.898392 0.500000
83.877487 12.903367 0.500000
92.765800 54.483856 0.500000
64.220062 52.402145 0.500000
41.517120 89.946075 0.500000
71.576561 51.215950 0.500000
65.511299 26.951229 0.500000
43.287853 4.719886 0.500000
74.261665 87.468422 0.500000
84.758049 30.465334 0.500000
32.717968 18.092060 0.500000
44.490414 94.147980 0.500000
63.500259 89.566971 0.500000
46.503620 83.411713 0.500000
71.965370 30.881105 0.500000
95.815079 65.231171 0.500000
84.864960 60.535137 0.500000
18.133318 26.882078 0.500000
50.981213 89.209877 0.500000
77.598030 16.992514 0.500000
16.661106 21.385880 0.500000
21.212399 71.877518 0.500000
13.711341 94.974068 0.500000
59.845940 75.123344 0.500000
51.883698 45.103989 0.500000
6.088680 84.101662 0.500000
62.696049 50.079094 0.500000
78.749641 26.696306 0.500000
40.146065 25.753263 0.500000
10.608019 12.611432 0.500000
56.134369 6.923097 0.500000
77.342606 41.499329 0.500000
66.958237 94.975914 0.500000
67.881409 18.439449 0.500000
84.685799 45.979435 0.500000
34.931961 1.846900 0.500000
66.865311 55.644360 0.500000
73.224419 80.076653 0.500000
51.118431 33.570354 0.500000
55.700001 3.502126 0.500000
78.174339 61.288681 0.500000
87.103790 41.370392 0.500000
11.867775 66.353439 0.500000
67.566704 51.513844 0.500000
63.625275 48.241070 0.500000
84.097809 41.467876 0.500000
89.240402 51.556049 0.500000
36.943794 57.621803 0.500000
69.495499 22.129589 0.500000
4.101238 4.927460 0.500000
23.476490 70.466545 0.500000
60.071823 96.200905 0.500000
51.043201 11.690252 0.500000
30.271257 7.243205 0.500000
14.692378 8.945599 0.500000
49.815987 79.399658 0.500000
31.413502 60.256302 0.500000
95.057411 94.538773 0.500000
8.997374 79.655220 0.500000
36.506653 97.737770 0.500000
31.711267 72.950447 0.500000
55.859577 1.706765 0.500000
6.134225 18.556524 0.500000
30.427364 65.706047 0.500000
15.257428 80.970566 0.500000
76.896294 45.028687 0.500000
87.713768 91.088676 0.500000
53.474285 56.245659 0.500000
92.884850 3.790272 0.500000
36.145317 61.534451 0.500000
21.172958 67.058823 0.500000
22.290754 16.730364 0.500000
62.097595 30.788128 0.500000
95.885582 98.104248 0.500000
29.025898 28.096851 0.500000
71.554688 84.385475 0.500000
44.346287 34.937840 0.500000
84.691246 74.273643 0.500000
1.143888 99.448677 0.500000
55.744217 77.540184 0.500000
44.977364 43.957989 0.500000
69.128868 97.951645 0.500000
0.703647 62.513706 0.500000
2.241917 36.348965 0.500000
24.548157 22.914877 0.500000
3.907783 46.338913 0.500000
64.109619 6.152936 0.500000
90.038406 91.931290 0.500000
3.299041 34.884693 0.500000
27.369131 87.490295 0.500000
9.658344 28.013020 0.500000
87.438972 64.902565 0.500000
6.053206 32.916332 0.500000
31.367979 9.564198 0.500000
37.695778 33.109894 0.500000
45.413162 61.743931 0.500000
55.524773 48.820946 0.500000
8.582846 94.170013 0.500000
14.826323 84.709885 0.500000
30.200836 78.435951 0.500000
16.285927 13.128935 0.500000
5.889594 25.444271 0.500000
40.641953 92.828568 0.500000
89.846832 46.195160 0.500000
26.244900 98.707382 0.500000
21.377230 57.112877 0.500000
8.771581 58.573006 0.500000
89.722771 53.684746 0.500000
20.816940 45.747547 0.500000
3.005688 28.899788 0.500000
40.417557 17.332010 0.500000
14.109673 70.118401 0.500000
63.446907 10.868217 0.500000
85.373726 49.206711 0.500000
28.267519 2.159648 0.500000
61.835644 33.657116 0.500000
27.103918 2.977598 0.500000
26.985680 17.450750 0.500000
48.672756 52.730576 0.500000
16.658133 69.549988 0.500000
10.343454 24.929712 0.500000
28.622997 0.566228 0.500000
78.114456 48.939938 0.500000
45.813774 80.620148 0.500000
77.339722 85.731339 0.500000
97.452156 90.949394 0.500000
95.421883 20.296638 0.500000
4.588330 81.295609 0.500000
69.003349 32.355850 0.500000
82.955261 31.338991 0.500000
65.512962 10.559177 0.500000
33.816589 91.998642 0.500000
27.509926 81.989349 0.500000
52.039337 55.072674 0.500000
68.097771 80.162331 0.500000
55.138905 46.712231 0.500000
29.602268 1.452679 0.500000
27.832373 7.441991 0.500000
86.684013 25.784529 0.500000
97.891388 43.533745 0.500000
19.504641 93.813271 0.500000
63.330379 23.592970 0.500000
75.608879 32.833729 0.500000
55.448826 59.064140 0.500000
63.672718 21.461786 0.500000
13.960431 96.133247 0.500000
79.478661 58.689651 0.500000
40.301304 32.017998 0.500000
12.680330 68.901230 0.500000
55.111305 41.782597 0.500000
69.853912 82.443680 0.500000
8.728210 47.115974 0.500000
1.071665 27.732851 0.500000
41.429249 63.902046 0.500000
50.825825 17.538132 0.500000
96.235771 6.774645 0.500000
76.102272 60.408493 0.500000
27.736431 45.725590 0.500000
57.897804 41.196861 0.500000
42.358837 37.876461 0.500000
99.386513 82.160149 0.500000
69.394455 14.148841 0.500000
90.559227 81.574783 0.500000
82.550072 46.170532 0.500000
23.857388 52.903984 0.500000
29.114216 72.081978 0.500000
10.441905 37.342426 0.500000
19.697954 11.013570 0.500000
64.575279 60.627201 0.500000
74.415619 15.901099 0.500000
77.665329 71.151390 0.500000
22.175745 54.267609 0.500000
32.059883 49.412174 0.500000
99.493195 89.457680 0.500000
90.109032 42.352036 0.500000
27.834146 89.995552 0.500000
25.012182 96.728600 0.500000
4.644391 16.071405 0.500000
78.803398 86.694458 0.500000
61.741940 3.160780 0.500000
40.098446 90.356148 0.500000
74.742760 50.040352 0.500000
28.198580 93.940712 0.500000
60.553917 92.273857 0.500000
55.067913 35.469536 0.500000
7.120924 30.350700 0.500000
87.000854 38.680805 0.500000
28.638489 69.871910 0.500000
29.846090 55.972633 0.500000
60.367462 54.358276 0.500000
53.201233 64.511856 0.500000
51.706318 32.171616 0.500000
35.165409 91.304764 0.500000
23.027771 10.408168 0.500000
41.845112 50.726349 0.500000
4.848879 2.899034 0.500000
43.500210 59.416794 0.500000
37.868568 51.675167 0.500000
92.150040 44.489494 0.500000
81.525864 79.650894 0.500000
82.670296 61.288742 0.500000
67.144951 11.808787 0.500000
31.660656 96.491035 0.500000
67.281425 91.528122 0.500000
51.349308 20.982658 0.500000
56.539974 21.778986 0.500000
52.987286 8.746291 0.500000
53.450603 87.652695 0.500000
0.551053 75.978378 0.500000
97.560867 41.896168 0.500000
44.295200 70.204933 0.500000
61.826534 81.663773 0.500000
34.627468 9.823562 0.500000
65.194710 2.272413 0.500000
21.132349 96.355362 0.500000
98.263451 87.913765 0.500000
88.383484 50.112755 0.500000
9.396428 45.423454 0.500000
71.391747 61.883713 0.500000
53.669746 25.342346 0.500000
50.036407 53.720798 0.500000
1.820722 48.097275 0.500000
95.116966 28.525446 0.500000
50.507015 39.912163 0.500000
98.230385 12.833551 0.500000
22.075935 21.110479 0.500000
66.810127 48.229198 0.500000
25.016443 1.937593 0.500000
57.552757 89.711143 0.500000
3.710006 78.185112 0.500000
86.566513 2.473454 0.500000
21.373449 23.977953 0.500000
37.879021 74.543198 0.500000
48.820301 87.415436 0.500000
28.763998 50.141018 0.500000
36.012707 24.380962 0.500000
63.793129 76.896851 0.500000
98.353271 85.369064 0.500000
97.507324 65.663399 0.500000
34.098263 23.023771 0.500000
69.836128 99.301430 0.500000
72.284447 36.935009 0.500000
75.251427 24.870663 0.500000
12.930318 96.124870 0.500000
48.348614 50.309341 0.500000
71.168076 96.668915 0.500000
38.224773 99.432060 0.500000
47.309937 73.737480 0.500000
24.313028 25.976404 0.500000
60.257198 87.606155 0.500000
3.373253 59.110474 0.500000
25.273872 8.073483 0.500000
23.904352 91.874863 0.500000
98.724503 36.639271 0.500000
62.685863 69.060631 0.500000
36.440701 35.470314 0.500000
6.495645 12.192124 0.500000
59.840977 18.925962 0.500000
8.816998 8.689590 0.500000
5.858504 7.460073 0.500000
79.417130 52.668438 0.500000
80.697548 4.230163 0.500000
1.065221 65.311539 0.500000
81.898682 25.839092 0.500000
72.885025 6.303030 0.500000
18.213957 72.109528 0.500000
42.442299 80.399818 0.500000
41.670162 78.383003 0.500000
16.370131 47.665806 0.500000
90.075127 75.711105 0.500000
66.091766 98.392128 0.500000
83.900696 35.327072 0.500000
78.377197 89.259201 0.500000
42.287144 58.294327 0.500000
42.427639 23.484695 0.500000
64.439445 53.860809 0.500000
2.590580 65.004662 0.500000
19.672350 83.989258 0.500000
89.792290 9.057713 0.500000
64.666901 32.734589 0.500000
88.957527 6.837063 0.500000
11.617591 5.827662 0.500000
54.002872 2.192719 0.500000
81.038773 20.594639 0.500000
55.421711 78.962036 0.500000
55.198662 97.208855 0.500000
37.756363 97.126305 0.500000
21.193552 99.280846 0.500000
53.641655 20.789366 0.500000
50.637657 72.814011 0.500000
5.278625 41.481415 0.500000
65.371384 94.570915 0.500000
50.039127 30.538282 0.500000
27.805504 39.496658 0.500000
36.875347 38.923092 0.500000
44.824322 90.378212 0.500000
91.302551 66.394562 0.500000
20.662691 47.001217 0.500000
64.103424 57.919056 0.500000
44.627522 84.796974 0.500000
57.699902 62.826309 0.500000
70.429970 11.841558 0.500000
83.115669 21.567629 0.500000
84.155571 87.894295 0.500000
80.065231 11.270712 0.500000
52.084831 17.440578 0.500000
49.693806 96.409157 0.500000
8.318794 89.809616 0.500000
23.272238 19.291649 0.500000
85.186211 51.672958 0.500000
61.576004 49.789639 0.500000
10.092012 6.703528 0.500000
69.029839 6.016582 0.500000
27.084211 63.289036 0.500000
2.721428 93.381218 0.500000
35.275730 54.306259 0.500000
11.321801 84.469536 0.500000
51.215412 19.140596 0.500000
74.779152 73.987648 0.500000
37.932247 6.789421 0.500000
88.562439 23.618462 0.500000
57.962383 50.638451 0.500000
72.908096 67.554398 0.500000
56.841976 8.494713 0.500000
35.346306 26.371813 0.500000
14.011294 14.479780 0.500000
78.517319 40.595509 0.500000
77.268814 20.057125 0.500000
30.228762 90.584808 0.500000
44.062141 32.450191 0.500000
84.466034 78.837868 0.500000
86.256447 95.287834 0.500000
63.807404 37.971859 0.500000
12.459506 52.360676 0.500000
45.375973 1.521946 0.500000
75.479134 3.838356 0.500000
51.660397 48.887238 0.500000
70.892746 9.002370 0.500000
34.874180 70.393242 0.500000
20.718840 13.891500 0.500000
11.488750 97.487656 0.500000
33.448624 41.217510 0.500000
88.572472 77.010765 0.500000
73.167702 73.538498 0.500000
56.348640 59.924149 0.500000
69.326340 20.656044 0.500000
97.396004 83.754768 0.500000
59.242599 10.355514 0.500000
36.615437 5.118572 0.500000
8.456928 62.537853 0.500000
60.981808 78.849678 0.500000
71.040222 18.363756 0.500000
85.088737 6.414404 0.500000
19.805904 99.245750 0.500000
4.295236 52.754532 0.500000
30.265301 14.630963 0.500000
66.406204 86.113937 0.500000
7.269980 71.951118 0.500000
20.487303 66.012581 0.500000
81.806641 56.602737 0.500000
70.631149 92.684097 0.500000
68.697311 78.588081 0.500000
