0.500000 0.500000 0.500000
5.944444 0.500000 0.500000
11.388889 0.500000 0.500000
16.833333 0.500000 0.500000
22.277778 0.500000 0.500000
27.722222 0.500000 0.500000
33.166667 0.500000 0.500000
38.611111 0.500000 0.500000
44.055556 0.500000 0.500000
49.500000 0.500000 0.500000
0.500000 5.944444 0.500000
5.944444 5.944444 0.500000
11.388889 5.944444 0.500000
16.833333 5.944444 0.500000
22.277778 5.944444 0.500000
27.722222 5.944444 0.500000
33.166667 5.944444 0.500000
38.611111 5.944444 0.500000
44.055556 5.944444 0.500000
49.500000 5.944444 0.500000
0.500000 11.388889 0.500000
5.944444 11.388889 0.500000
11.388889 11.388889 0.500000
16.833333 11.388889 0.500000
22.277778 11.388889 0.500000
27.722222 11.388889 0.500000
33.166667 11.388889 0.500000
38.611111 11.388889 0.500000
44.055556 11.388889 0.500000
49.500000 11.388889 0.500000
0.500000 16.833333 0.500000
5.944444 16.833333 0.500000
11.388889 16.833333 0.500000
16.833333 16.833333 0.500000
22.277778 16.833333 0.500000
27.722222 16.833333 0.500000
33.166667 16.833333 0.500000
38.611111 16.833333 0.500000
44.055556 16.833333 0.500000
49.500000 16.833333 0.500000
0.500000 22.277778 0.500000
5.944444 22.277778 0.500000
11.388889 22.277778 0.500000
16.833333 22.277778 0.500000
22.277778 22.277778 0.500000
27.722222 22.277778 0.500000
33.166667 22.277778 0.500000
38.611111 22.277778 0.500000
44.055556 22.277778 0.500000
49.500000 22.277778 0.500000
0.500000 27.722222 0.500000
5.944444 27.722222 0.500000
11.388889 27.722222 0.500000
16.833333 27.722222 0.500000
22.277778 27.722222 0.500000
27.722222 27.722222 0.500000
33.166667 27.722222 0.500000
38.611111 27.722222 0.500000
44.055556 27.722222 0.500000
49.500000 27.722222 0.500000
0.500000 33.166667 0.500000
5.944444 33.166667 0.500000
11.388889 33.166667 0.500000
16.833333 33.166667 0.500000
22.277778 33.166667 0.500000
27.722222 33.166667 0.500000
33.166667 33.166667 0.500000
38.611111 33.166667 0.500000
44.055556 33.166667 0.500000
49.500000 33.166667 0.500000
0.500000 38.611111 0.500000
5.944444 38.611111 0.500000
11.388889 38.611111 0.500000
16.833333 38.611111 0.500000
22.277778 38.611111 0.500000
27.722222 38.611111 0.500000
33.166667 38.611111 0.500000
38.611111 38.611111 0.500000
44.055556 38.611111 0.500000
49.500000 38.611111 0.500000
0.500000 44.055556 0.500000
5.944444 44.055556 0.500000
11.388889 44.055556 0.500000
16.833333 44.055556 0.500000
22.277778 44.055556 0.500000
27.722222 44.055556 0.500000
33.166667 44.055556 0.500000
38.611111 44.055556 0.500000
44.055556 44.055556 0.500000
49.500000 44.055556 0.500000
0.500000 49.500000 0.500000
5.944444 49.500000 0.500000
11.388889 49.500000 0.500000
16.833333 49.500000 0.500000
22.277778 49.500000 0.500000
27.722222 49.500000 0.500000
33.166667 49.500000 0.500000
38.611111 49.500000 0.500000
44.055556 49.500000 0.500000
49.500000 49.500000 0.500000
